_ASIS2ASIS : 234.584829137
_D : 136.776073707
_H : 88.5797783672
_LO : [  4.74504263 -44.28988915 -58.13871701]
_RO : [  4.74504265 -44.28988922  59.15369756]
hip_joint_centre_l : [[  112.6147492     -3.04203841  1195.8947341 ]]
hip_joint_centre_r : [[  -55.89284172     1.60612674  1209.59626141]]
ilial_depth : 157.747129393
inter_ASIS_distance : 234.584829154
inter_HJC_distance : 169.127601197
inter_PSIS_distance : 77.4301674761
inter_PS_distance : 15.0323763349
landmarks_ACS : {'LASIS': array([ -2.01430339e-08,   6.85536179e-08,  -1.17292415e+02]), 'Sacral': array([-136.77607371,    0.66852792,    0.26770645]), 'LHJC': array([-41.26244275, -78.24974693, -83.62952549]), 'RPSIS': array([-137.03395327,    1.33705576,   38.97615872]), 'RIT': array([ -61.89011741, -144.96311688,   45.55485947]), 'LIS': array([-95.84203149, -80.56423524, -47.11358882]), 'LPS': array([  9.65708   , -88.24209105,  -6.49176072]), 'RPS': array([  9.32309055, -88.91746568,   8.52172183]), 'RIS': array([-95.90096223, -80.81741083,  49.64358014]), 'LIT': array([ -62.52931628, -144.5587213 ,  -42.69089774]), 'RASIS': array([  1.96230303e-08,  -6.77730441e-08,   1.17292415e+02]), 'LPSIS': array([ -1.36518194e+02,   7.43496003e-08,  -3.84407458e+01]), 'RHJC': array([-40.59257477, -78.48459474,  85.49658603])}
landmarks_unaligned : {'LASIS': array([  149.53176224,   -65.80637884,  1256.36434559]), 'Sacral': array([   39.76027896,    68.73660851,  1305.11810782]), 'LHJC': array([  112.6147492 ,    -3.04203841,  1195.8947341 ]), 'RPSIS': array([  1.26678598e+00,   6.99899078e+01,   1.30905993e+03]), 'RIT': array([  -19.71933001,    39.62482188,  1148.65057546]), 'LIS': array([   78.9814344 ,    51.05683493,  1212.01348195]), 'LPS': array([   32.36192137,   -46.63488692,  1178.51581942]), 'RPS': array([   17.37757856,   -45.65965739,  1179.21634493]), 'RIS': array([  -17.40683794,    54.17354197,  1219.8623297 ]), 'LIT': array([   68.23921301,    37.39731454,  1141.85214197]), 'RASIS': array([  -84.1224982 ,   -58.56090585,  1275.94065184]), 'LPSIS': array([   78.25377195,    67.48330926,  1301.17628748]), 'RHJC': array([  -55.89284172,     1.60612674,  1209.59626141])}
left_HJC_Andriacchi : [  4.74504263 -85.28988915 -74.13871701]
left_HJC_Bell : [-51.60866243 -85.28988915 -74.13871701]
left_HJC_Harrington : [-42.72671268 -81.27544874 -84.71299362]
left_HJC_Seidel : [-46.50386508 -69.97802484 -84.45053849]
left_HJC_Tylkowski : [-51.60866243 -70.37544867 -84.45053849]
left_HJC_mesh : [-41.26244275 -78.24974693 -83.62952549]
left_acetabulum_diameter : 55.021752271
left_ilial_depth : 157.654061129
max_height : 204.734184764
max_width : 275.409606863
right_HJC_Andriacchi : [  4.74504265 -85.28988922  75.15369756]
right_HJC_Bell : [-51.60866239 -85.28988922  75.15369756]
right_HJC_Harrington : [-42.72671268 -81.27544874  84.71299362]
right_HJC_Seidel : [-46.50386504 -69.97802498  84.45053849]
right_HJC_Tylkowski : [-51.60866239 -70.37544881  84.45053849]
right_HJC_mesh : [-40.59257477 -78.48459474  85.49658603]
right_acetabulum_diameter : 55.58270933
right_ilial_depth : 157.840197657
